17 17
1 6 6 3 2 4 7 8 16 11 9 10 16 12 5 13 5
2 3 4 9 1 17 6 10 16 10 5 7 11 17 8 14 12
8 2 5 4 8 1 17 7 16 3 6 9 10 11 5 12 5
3 9 8 5 4 9 17 10 1 7 11 7 6 13 2 14 15
8 4 13 6 5 2 17 1 8 12 13 11 8 14 7 9 13
4 1 3 9 6 9 8 2 5 2 10 7 12 15 11 15 14
8 5 7 11 15 12 1 4 2 13 6 14 16 9 3 10 17
5 7 2 12 9 13 3 15 10 2 1 2 14 16 4 2 6
17 16 10 14 5 6 13 13 13 4 3 12 7 16 7 11 9
17 16 9 8 7 13 2 15 3 8 12 8 5 16 6 8 4
6 8 17 13 15 5 15 11 7 14 2 4 16 10 7 3 9
7 1 17 1 11 3 9 3 12 1 8 1 15 3 13 14 10
9 10 17 7 5 8 5 12 6 15 2 16 1 1 1 4 3
12 12 11 10 10 10 14 15 17 9 7 3 13 3 16 2 2
11 11 12 15 13 7 5 14 6 9 6 17 2 2 10 1 1
10 13 1 2 3 11 12 5 14 9 15 7 4 6 17 16 8
12 14 1 2 3 15 4 6 4 5 4 13 16 7 17 16 11 
